RPMS
Gasoline (g per # of Cylinders), 1000, 1100, 1200, 1300, 1400, 1500, 1600, 1700, 1800, 1900, 2000, 2100, 2200, 2300, 2400, 2500, 2600, 2700, 2800, 2900, 3000, 3100, 3200, 3300, 3400, 3500, 3600, 3700, 3800, 3900, 4000, 4100, 4200, 4300, 4400, 4500, 4600, 4700, 4800, 4900, 5000, 5100, 5200, 5300, 5400, 5500, 5600, 5700, 5800, 5900, 6000, 
50,0.1462,0.1462,0.1462,0.1462,0.1492,0.1514,0.1524,0.1535,0.1546,0.1557,0.1569,0.158,0.1592,0.1604,0.1616,0.1628,0.1641,0.1653,0.1666,0.1679,0.1692,0.1706,0.1719,0.1733,0.1747,0.1762,0.1776,0.1791,0.1806,0.1821,0.1837,0.1853,0.1869,0.1885,0.1902,0.1919,0.1936,0.1954,0.1972,0.199,0.2009,0.2028,0.2047,0.2067,0.2087,0.2107,0.2128,0.2128,0.2128,0.2107,0.2107
58,0.1696,0.1696,0.1696,0.1696,0.1731,0.1768,0.1781,0.1794,0.1807,0.182,0.1833,0.1847,0.186,0.1874,0.1889,0.1903,0.1918,0.1933,0.1948,0.1963,0.1979,0.1994,0.2011,0.2027,0.2043,0.206,0.2078,0.2095,0.2113,0.2131,0.2149,0.2168,0.2187,0.2206,0.2226,0.2246,0.2266,0.2287,0.2308,0.233,0.2352,0.2374,0.2397,0.242,0.2444,0.2468,0.2468,0.2468,0.2444,0.2444,0.242
66,0.193,0.193,0.193,0.1957,0.197,0.2026,0.2041,0.2056,0.2071,0.2086,0.2101,0.2117,0.2133,0.2149,0.2166,0.2182,0.2199,0.2216,0.2234,0.2252,0.227,0.2288,0.2306,0.2325,0.2345,0.2364,0.2384,0.2404,0.2425,0.2446,0.2467,0.2489,0.2511,0.2533,0.2556,0.2579,0.2603,0.2627,0.2651,0.2676,0.2676,0.2702,0.2702,0.2728,0.2754,0.2781,0.2809,0.2837,0.2837,0.2809,0.2809
74,0.2164,0.2164,0.2164,0.2194,0.2209,0.2288,0.2305,0.2322,0.2339,0.2356,0.2374,0.2392,0.241,0.2428,0.2447,0.2466,0.2485,0.2505,0.2524,0.2545,0.2565,0.2586,0.2607,0.2629,0.2651,0.2673,0.2696,0.2719,0.2742,0.2766,0.279,0.2815,0.284,0.2866,0.2892,0.2918,0.2945,0.2973,0.3001,0.3029,0.3029,0.3058,0.3058,0.3088,0.3118,0.3149,0.3149,0.3149,0.3181,0.3181,0.3181
82,0.2398,0.2398,0.2398,0.2431,0.2448,0.2554,0.2573,0.2592,0.2611,0.263,0.265,0.267,0.2691,0.2711,0.2732,0.2754,0.2775,0.2797,0.282,0.2842,0.2866,0.2889,0.2913,0.2937,0.2962,0.2987,0.3013,0.3039,0.3065,0.3092,0.3119,0.3147,0.3175,0.3204,0.3234,0.3264,0.3294,0.3325,0.3357,0.3389,0.3389,0.3422,0.3422,0.3456,0.3456,0.349,0.349,0.356,0.356,0.356,0.3264
90,0.2632,0.2632,0.2632,0.2668,0.2705,0.2824,0.2845,0.2866,0.2887,0.2909,0.2931,0.2953,0.2976,0.2999,0.3022,0.3046,0.307,0.3095,0.312,0.3145,0.3171,0.3197,0.3224,0.3251,0.3278,0.3306,0.3335,0.3364,0.3393,0.3423,0.3454,0.3485,0.3517,0.3549,0.3582,0.3615,0.365,0.3684,0.372,0.3756,0.3756,0.3756,0.3793,0.3793,0.383,0.383,0.3908,0.3948,0.3948,0.3908,0.3869
98,0.2866,0.2866,0.2866,0.2905,0.2946,0.3097,0.312,0.3144,0.3167,0.3191,0.3216,0.324,0.3265,0.3291,0.3317,0.3343,0.337,0.3397,0.3425,0.3453,0.3481,0.351,0.354,0.357,0.36,0.3631,0.3663,0.3695,0.3728,0.3761,0.3795,0.3829,0.3865,0.39,0.3937,0.3974,0.4012,0.405,0.405,0.409,0.409,0.409,0.4171,0.4171,0.4212,0.4255,0.4298,0.4298,0.4298,0.4298,0.4255
106,0.31,0.31,0.3142,0.3164,0.3186,0.3426,0.3452,0.3452,0.3452,0.3478,0.3505,0.3532,0.356,0.3588,0.3616,0.3645,0.3674,0.3704,0.3735,0.3766,0.3797,0.3829,0.3861,0.3894,0.3928,0.3962,0.3997,0.4032,0.4068,0.4105,0.4142,0.418,0.4219,0.4258,0.4298,0.4339,0.4381,0.4424,0.4467,0.4511,0.4511,0.4556,0.4511,0.4556,0.4602,0.4602,0.4649,0.4649,0.4746,0.4649,0.4649
114,0.3333,0.3356,0.3379,0.3403,0.3427,0.3684,0.3684,0.3712,0.3741,0.3769,0.3799,0.3828,0.3858,0.3889,0.392,0.3952,0.3984,0.4017,0.405,0.4083,0.4118,0.4153,0.4188,0.4224,0.4261,0.4298,0.4336,0.4375,0.4415,0.4455,0.4496,0.4537,0.458,0.4623,0.4667,0.4712,0.4757,0.4757,0.4804,0.4804,0.4804,0.4852,0.49,0.495,0.5,0.5052,0.5104,0.5158,0.5158,0.5158,0.5104,0.5104
122,0.3567,0.3592,0.3617,0.3642,0.3667,0.3943,0.3973,0.4003,0.4034,0.4065,0.4097,0.4129,0.4162,0.4195,0.4229,0.4263,0.4298,0.4334,0.437,0.4407,0.4444,0.4482,0.4521,0.456,0.46,0.4641,0.4682,0.4724,0.4767,0.4811,0.4856,0.4901,0.4947,0.4994,0.5042,0.5091,0.5141,0.5192,0.5244,0.5297,0.5351,0.5406,0.5463,0.552,0.5579,0.5579,0.5639,0.5639,0.5579,0.552,0.552,0.552,0.5463
